Client Name:	111111
Session Type:	2 Ch ILF.HD
Number of Channels:	2
Start Session:	26.01.2019	14:28:27
Time	Reward Frequency	Inhibit Percent	Feedback Selection	Reward Amplitude	Reward Threshold	Reward Percent	Inhibit 0.5-2.0 Ampl.	Inhibit 0.5-2.0 Thres.	Inhibit 2.0-4.5 Ampl.	Inhibit 2.0-4.5 Thres.	Inhibit 4.5-8.0 Ampl.	Inhibit 4.5-8.0 Thres.	Inhibit 8.0-12.0 Ampl.	Inhibit 8.0-12.0 Thres.	Inhibit 12.0-15.0 Ampl.	Inhibit 12.0-15.0 Thres.	Inhibit 15.0-18.0 Ampl.	Inhibit 15.0-18.0 Thres.	Inhibit 18.0-22.0 Ampl.	Inhibit 18.0-22.0 Thres.	Inhibit 22.0-30.0 Ampl.	Inhibit 22.0-30.0 Thres.	Inhibit 30.0-40.0 Ampl.	Inhibit 30.0-40.0 Thres.	Inhibit Percent Meas.	VLF(0-0.1)	Delta(1-3)	Theta(4-7)	Alpha(8-12)	Beta(13-18)	hi-Beta(20-40)	HR	GSR	Temp
14:28:35	0.0006	95.000	DreamScapes	0.2613	2.6304	0.0000	1307.7120	1796.0287	770.6858	919.2866	481.7854	654.0086	312.0954	470.1574	197.5241	260.7000	161.9380	211.1970	146.1288	225.2971	145.9151	320.3662	109.8712	223.4049	0.020	0.000	0.000	0.000	0.000	0.000	0.000	-2.2	-2.297	-2.24
14:28:36	0.0006	95.000	DreamScapes	0.0000	0.0000	0.0000	950.3863	2151.3401	122.8116	2380.7268	25.2704	1627.9257	9.1865	1031.2026	10.7735	702.9929	24.2327	447.4507	3.6319	504.0343	0.6409	464.4807	0.6104	380.4597	13.333	0.000	0.000	0.000	0.000	0.000	0.000	-2.2	-2.289	-2.23
14:28:37	0.0006	95.000	DreamScapes	0.0000	0.0000	0.0000	173.8712	835.2656	3.1741	326.0735	1.0377	154.1249	0.7020	66.7773	0.4578	60.6123	0.3968	101.8751	0.7630	29.4211	0.3662	7.2637	0.2442	7.7215	31.365	0.000	646.745	1.587	1.160	0.794	0.610	-2.2	-2.285	-2.22
14:28:38	0.0006	95.000	DreamScapes	0.0000	0.0000	0.0000	35.4335	255.8779	2.1364	4.3948	0.7630	2.0143	0.8546	1.4955	0.3357	0.5799	0.3052	0.6104	0.6104	1.1292	0.6409	1.0072	0.3052	0.4883	44.288	0.000	306.663	1.770	0.946	0.702	0.519	-2.2	-2.283	-2.21
14:28:39	0.0006	95.000	DreamScapes	0.0000	0.0000	0.0000	6.5618	132.3033	1.4649	3.8760	1.0072	1.8312	0.7935	2.1974	0.4273	0.6104	0.3357	0.6104	0.3357	1.4039	0.6104	1.4649	0.3052	0.4883	53.383	0.000	176.771	0.732	0.763	0.488	0.397	-2.1	-2.283	-2.21
14:28:40	0.0006	95.000	DreamScapes	0.0000	0.0000	0.0000	1.2208	154.7659	1.9227	4.3643	0.9156	1.5260	0.6104	1.5870	0.4273	0.7020	0.3052	0.6714	0.3968	1.4039	0.5494	1.2513	0.3052	0.4578	59.443	0.000	94.398	0.824	0.519	0.366	0.275	-2.1	-2.284	-2.20
14:28:41	0.0006	95.000	DreamScapes	0.0000	0.0000	0.0000	3.9676	108.0401	1.5870	3.5708	0.8546	1.7396	0.7020	1.5870	0.4273	0.7935	0.4273	0.5799	0.3662	1.0682	0.6104	1.1598	0.3968	0.6104	59.905	0.000	55.821	0.702	0.519	0.427	0.275	-2.1	-2.287	-2.20
14:28:42	0.0006	95.000	DreamScapes	0.0000	0.0000	0.0000	6.9585	54.8441	1.6481	3.9371	1.1292	1.9227	1.0987	1.8007	0.3052	0.7935	0.3357	0.5494	0.3968	0.9156	0.4578	1.0987	0.3357	0.6104	64.216	0.000	30.489	0.732	0.794	0.275	0.244	-2.1	-2.290	-2.20
14:28:43	0.0006	95.000	DreamScapes	0.0000	0.0000	0.0000	4.1812	25.7892	0.8851	3.5403	1.0377	1.8617	0.5188	1.5870	0.2747	0.7325	0.2442	0.6409	0.3052	0.8546	0.7630	1.2818	0.3357	0.6104	67.807	0.000	22.279	0.549	0.366	0.275	0.275	-2.1	-2.294	-2.20
14:28:44	0.0006	95.000	DreamScapes	654.0105	1177.2208	0.0000	1.4955	25.5145	1.0987	3.3877	0.7630	1.7701	0.6104	1.6481	0.3357	0.7630	0.3357	0.7325	0.5799	0.8851	0.6409	1.3734	0.3662	0.6409	70.441	0.000	11.964	0.549	0.336	0.275	0.336	-2.1	-2.300	-2.21
14:28:45	0.0006	95.000	DreamScapes	965.9285	1742.6400	0.0000	1.1292	22.0048	1.0377	3.2656	0.9766	1.8922	0.4578	1.5870	0.2747	0.6714	0.4273	0.6409	0.4273	0.8240	0.5799	1.2513	0.2747	0.6104	72.862	0.000	4.853	0.732	0.336	0.366	0.244	-2.1	-2.305	-2.21
14:28:46	0.0006	95.000	DreamScapes	970.3844	1787.8016	0.0000	3.8760	20.7535	1.8922	3.5708	1.0987	1.9533	1.0682	1.6481	0.3662	0.7630	0.2747	0.6409	0.3968	0.8240	0.6104	1.1292	0.2442	0.6104	74.894	1.099	3.510	0.671	0.458	0.183	0.244	-2.1	-2.311	-2.21
14:28:47	0.0006	95.000	DreamScapes	970.2051	1787.8016	0.0000	2.9909	18.0982	1.4955	3.6624	1.3734	1.8922	0.6714	1.6786	0.1831	0.7630	0.3052	0.6104	0.4883	0.9461	0.3968	1.1903	0.2747	0.4578	76.720	13.581	3.052	1.129	0.519	0.183	0.214	-2.1	-2.317	-2.22
14:28:48	0.0006	95.000	DreamScapes	969.9724	1787.8016	0.0000	2.2890	16.9690	1.8312	3.4793	1.6786	2.0448	0.8851	1.6481	0.5188	0.8546	0.3662	0.6714	0.3662	0.8546	0.5494	1.1903	0.2747	0.4883	76.171	44.864	2.869	1.007	0.488	0.336	0.214	-2.1	-2.322	-2.22
14:28:49	0.0006	95.000	DreamScapes	969.6233	1787.8016	0.0000	1.6786	16.1755	1.4955	3.7234	0.8546	2.0143	0.8546	1.7396	0.7020	0.8851	0.5799	0.6409	0.7630	1.0377	0.7630	1.1598	0.3052	0.4578	72.953	100.227	4.242	1.068	0.671	0.458	0.366	-2.1	-2.328	-2.22
14:28:50	0.0006	95.000	DreamScapes	969.1979	1787.8016	0.0000	2.2585	15.5346	1.3429	3.4487	1.0682	2.1364	0.6714	1.7091	0.5494	0.7935	0.7935	0.7630	0.4578	0.9766	0.4883	1.1598	0.5188	0.5188	68.076	182.051	2.289	0.580	0.305	0.580	0.275	-2.0	-2.334	-2.23
14:28:51	0.0006	95.000	DreamScapes	968.7897	1787.8016	0.0000	2.7163	14.0086	1.0072	3.3877	0.7935	2.1364	0.6409	1.7396	0.4578	0.7935	0.4273	0.7630	0.2747	1.0682	0.5494	1.2208	0.2442	0.5494	69.269	281.637	1.923	0.794	0.580	0.366	0.244	-2.0	-2.341	-2.23
14:28:52	0.0006	95.000	DreamScapes	968.3319	1787.8016	0.0000	1.8007	13.1845	1.0072	3.3267	0.8546	2.1364	0.7020	1.5870	0.3357	0.7935	0.3052	0.8240	0.3968	1.0682	0.3968	1.1598	0.3357	0.5494	70.348	386.228	2.716	0.549	0.458	0.366	0.244	-2.0	-2.348	-2.24
14:28:53	0.0006	95.000	DreamScapes	967.8169	1787.8016	0.0000	2.5637	12.1164	1.4955	3.2046	1.1292	2.1669	0.4883	1.6786	0.3968	0.7935	0.3357	0.7630	0.2747	1.0682	0.3968	1.0682	0.3357	0.6104	71.721	482.945	2.808	0.916	0.366	0.305	0.244	-2.0	-2.354	-2.24
14:28:54	0.0006	95.000	DreamScapes	967.2141	1787.8016	0.0000	2.6552	11.3839	1.0377	3.4182	0.9156	2.1364	0.5799	1.6786	0.3662	0.7935	0.2747	0.7630	0.4578	0.9461	0.4883	1.0682	0.3357	0.5799	72.984	566.539	3.968	0.885	0.397	0.275	0.214	-2.0	-2.360	-2.25
14:28:55	0.0006	95.000	DreamScapes	966.5789	1787.8016	0.0000	0.8546	10.9261	1.2208	3.4487	1.0072	2.0143	0.8546	1.6175	0.3052	0.7935	0.5188	0.7630	0.5799	1.0682	0.7935	1.1292	0.2747	0.6714	74.034	640.275	1.923	0.458	0.549	0.397	0.366	-2.0	-2.366	-2.25
14:28:56	0.0006	95.000	DreamScapes	962.9623	1757.1560	0.0000	2.1059	10.5293	1.8312	3.2961	0.9156	2.0143	0.7935	1.5870	0.6409	0.7935	0.5494	0.7935	0.5799	1.0682	0.4883	1.1292	0.3357	0.7020	73.023	698.720	1.831	0.671	0.519	0.397	0.275	-2.0	-2.372	-2.26
14:28:57	0.0006	95.000	DreamScapes	960.5742	1737.8026	0.0000	4.5780	10.9871	1.2818	3.3267	0.9461	2.0448	0.9461	1.5870	0.3357	0.7935	0.3357	0.7935	0.2442	1.0682	0.3662	1.0682	0.2747	0.6409	73.749	751.000	3.815	0.671	0.824	0.427	0.275	-2.0	-2.377	-2.26
14:29:30	0.0006	95.000	DreamScapes	962.4588	1739.4144	0.0000	27.3457	10.8345	16.8164	3.3572	11.2313	2.0753	7.2637	1.6175	4.5474	0.7935	2.2585	0.7935	3.5098	1.0682	3.4793	1.1903	2.5637	0.6409	64.759	765.009	6.226	3.327	2.045	1.282	0.824	-2.0	-2.414	-2.41
14:29:31	0.0006	95.000	DreamScapes	963.4564	1737.8026	0.0000	63.9695	12.6047	13.4592	3.5403	3.4487	2.1669	1.8617	1.7091	1.6481	0.9156	2.4416	0.9156	1.4344	1.1598	0.6714	1.2208	0.3968	0.6104	58.089	765.009	71.050	17.488	8.423	5.738	3.479	-2.0	-2.414	-2.41
14:29:32	0.0006	95.000	DreamScapes	963.4564	1737.8026	0.0000	11.9943	19.6853	1.6175	2.5331	0.9461	1.7701	1.2818	1.4649	0.5799	0.8240	0.8240	0.9766	1.0377	1.5260	1.4039	2.3500	0.4273	0.5799	55.478	765.009	41.782	0.549	0.732	0.641	0.458	-2.0	-2.414	-2.41
14:29:33	0.0006	95.000	DreamScapes	963.4564	1737.8026	0.0000	3.8455	28.9022	0.8546	3.3267	0.8546	1.6786	1.0072	1.8007	0.3968	1.2818	0.4883	1.4039	0.4578	1.9533	0.8851	2.5942	0.3357	0.7325	56.776	765.009	18.861	0.641	0.732	0.488	0.519	-2.0	-2.413	-2.41
